46592
64187
1222
9601
64657
38284
30275
29632
46108
52692
46150
21926
48119
29979
14568
40324
54116
40356
17281
62681
50299
10305
40155
34163
50628
1446
2345
45700
9495
13662
30740
4582
28795
22901
34064
7429
38313
64867
7847
49315
25667
5339
41215
59494
41657
25742
31346
57819
28585
26410
42842
24562
579
17699
16369
36514
24979
53595
46860
62558
19748
26806
46682
26276
5934
35477
9094
36477
29192
1232
25701
64344
23992
25370
32490
36063
14307
49166
63104
45304
1514
10696
917
6330
3939
5378
56894
51192
50161
11423
45477
52471
17379
32874
32320
13259
7221
18687
48186
32864
21962
18577
12532
56864
43634
9362
53636
25129
59742
54254
7134
63488
34244
37902
24540
32348
15991
30025
35921
1116
25022
59721
14728
11761
38556
19464
36284
23039
20907
56910
57299
60545
18546
22373
34053
62724
49290
5981
19877
35821
32904
9133
57222
37412
17772
49687
20690
50276
55534
35023
20393
14477
31035
44095
24744
44450
537
51671
42057
35105
55326
18619
26512
50260
45312
1311
820
25651
1525
32217
9423
48366
59276
19788
12940
47418
33448
50172
41626
35708
30115
62311
42982
40455
63553
4135
48162
46617
17020
33446
18256
7530
53774
16919
54875
15914
34576
44727
6059
34665
47425
20961
48497
10889
41917
64925
46346
28520
59599
17730
4192
817
42101
18033
62699
61151
1918
2331
49933
23839
55325
13981
914
13714
23650
42938
1736
60283
6382
61275
15570
59985
48968
63737
22582
26933
34030
30102
9732
25022
39867
54607
35049
5299
28389
7793
14859
15018
47787
2392
23099
25915
16741
23316
43924
33260
19433
50037
42539
6177
59061
18053
56563
6624
54771
63877
8781
45573
2512
8354
4185
50142
18377
20700
32790
5785
11695
29082
48694
54363
26058
26356
3337
59312
10657
59746
4872
19600
12236
62853
64663
62111
4711
12041
20715
52930
44011
12536
13491
4399
63815
48119
13479
42139
46800
60517
52594
35233
13153
36709
2333
55595
5983
33419
29480
10115
3300
65196
50996
14965
6413
16258
33263
64864
58630
10025
31692
61618
23898
2823
127
64904
45258
36578
12347
15259
27163
24477
38842
24179
52215
20771
48480
53362
47014
12022
17254
3450
53468
52413
17507
17817
42754
12374
49135
18681
59567
10663
33679
62178
54690
14809
43050
55561
42934
13341
57588
45051
47462
45535
52585
17507
4472
64394
53177
58516
19668
55803
37752
52513
53934
23508
10311
28704
55497
45354
308
63341
6070
6102
9912
2395
38422
28478
50647
55887
42925
29729
1587
55278
63189
10145
43585
33075
5513
20813
39715
13527
58444
62972
50374
13002
59857
40310
57705
45173
9160
13149
19782
34926
41148
38060
12035
46942
25016
38619
7842
57122
14831
45174
40643
29026
6124
53477
51669
53716
57359
22188
20996
49232
41178
9391
40498
6799
57315
20547
23438
38511
20261
49008
12708
28318
49101
53461
33037
14025
19949
4448
49897
42991
51636
24582
33729
21408
25489
14506
18193
54316
49857
17924
19546
27070
28141
41675
4835
36949
56715
13508
10536
10612
37952
25854
55245
28115
11382
51141
18686
14454
47165
28855
7055
64592
64387
7279
49288
6639
42237
46433
26825
31184
33227
13667
45795
37998
55251
29885
13841
6347
19530
4929
43446
32660
33836
35753
59466
16983
40162
28104
50228
32158
41224
13628
25681
14479
47507
49238
10141
50997
25531
55901
23358
975
53598
60697
1862
55839
35055
54358
56268
41842
44382
4751
44346
36275
12841
42256
47799
4395
56819
20248
10219
51771
60229
3046
4872
50210
29979
5815
42131
58010
41121
35395
30377
1901
43090
28492
2367
23006
60407
24451
26313
42393
58773
57319
5272
45222
8994
49087
21199
8521
94
8171
9448
45163
312
3457
44021
61746
7351
39735
51964
36137
38856
10882
37578
64491
59325
45192
30921
8178
29484
34810
17194
56930
32297
10160
61190
28504
33312
31521
43637
24038
6847
48518
34854
46289
24108
32474
33548
50458
18361
52091
8782
4213
1932
30654
59241
53571
55181
335
13637
9907
1172
50159
36423
17348
23197
57180
38006
62953
6601
56434
51388
8629
8379
8271
30842
19446
32048
37367
59967
10732
5768
35184
44751
26166
31869
31559
63977
4079
63521
43186
14761
28788
2868
65474
27515
39051
25491
57391
15613
51667
37596
33969
9718
52005
20243
48867
53569
12462
44239
43076
19651
2290
18425
3753
14207
14574
8802
8585
6090
423
43237
12250
62885
47713
44364
53432
34284
11101
42663
21273
38207
14090
30627
51090
56504
39336
44228
57889
6667
37751
18379
38341
46945
52780
934
61608
51458
56716
39467
61822
56891
25382
9194
56995
33744
18531
42894
59557
16214
16057
27468
28036
53210
63007
31861
9075
10218
21492
8476
27200
39744
41692
53973
25934
19898
54489
55630
46642
62856
50700
21746
25888
20126
7915
20099
59685
15569
18943
19800
19108
3027
39419
48288
65319
46030
35682
36140
39497
44492
14144
40662
34019
4049
60631
32585
7597
11413
15603
29993
32164
20922
60696
62448
25309
61460
37114
57051
52814
10122
22590
11763
49350
31400
50014
59469
20696
10214
57090
8095
27539
6145
44942
58422
54308
29659
6451
37607
2017
14631
43445
35143
13379
44708
47792
11642
22532
32262
54176
22163
26479
50753
35975
57029
4804
27661
25340
29278
54367
47910
36402
19229
44879
30877
22759
20512
34480
28758
31985
13454
63052
23900
26907
27621
56973
37018
57794
46841
29758
41905
38196
21081
10448
49352
45192
27283
32180
62454
20179
65050
9541
43571
30026
9450
20972
64553
51615
19505
57551
58300
1699
7668
3298
45349
33891
60107
29068
25387
46806
46052
34297
17584
63191
44675
4928
60333
1812
58805
60598
27105
49092
43999
55978
57786
62183
57776
61750
26801
42390
52191
46717
1974
980
45667
35421
4287
14739
54181
48425
59904
32681
10685
63455
53892
62522
169
54955
11356
11782
42836
29354
9628
12183
27646
43540
32223
25616
15365
6736
59854
31358
24716
22137
46018
16233
64113
4720
40954
24053
45403
59260
28368
15316
63752
28487
12062
54365
58944
42408
47698
39204
42912
34018
26896
24573
50830
23361
18084
22871
40921
26785
43438
58645
25253
26198
15584
63745
1209
63735
47755
10656
15982
63776
11331
26218
56132
35748
40042
9041
43058
14860
15677
9727
33551
30417
63244
2703
38991
3326
43348
1273
39675
1478
46878
32625
44984
12177
29244
13655
